service_id,monday,tuesday,wednesday,thursday,friday,saturday,sunday,start_date,end_date
1,0,0,0,0,0,0,0,20250908,20251212
2,0,0,0,0,0,0,0,20250811,20250815
3,0,0,0,0,0,0,0,20250810,20250817
4,0,0,0,0,0,0,0,20250818,20251212
5,0,0,0,0,0,0,0,20250809,20251206
6,0,0,0,0,0,0,0,20250906,20251206
7,0,0,0,0,0,0,0,20250823,20251206
8,0,0,0,0,0,0,0,20250823,20251206
9,0,0,0,0,0,0,0,20250824,20251207
10,0,0,0,0,0,0,0,20250907,20251207
11,0,0,0,0,0,0,0,20250809,20251206
12,0,0,0,0,0,0,0,20250818,20251024
13,0,0,0,0,0,0,0,20250823,20251025
14,0,0,0,0,0,0,0,20250824,20251026
15,0,0,0,0,0,0,0,20250830,20250830
16,0,0,0,0,0,0,0,20250809,20251207
17,0,0,0,0,0,0,0,20250809,20251025
18,0,0,0,0,0,0,0,20250809,20250816
19,0,0,0,0,0,0,0,20250804,20250808
20,0,0,0,0,0,0,0,20250804,20250815
21,0,0,0,0,0,0,0,20250823,20251207
22,0,0,0,0,0,0,0,20250906,20251207
23,0,0,0,0,0,0,0,20250811,20251212
24,0,0,0,0,0,0,0,20250809,20251207
25,0,0,0,0,0,0,0,20250804,20251212
26,0,0,0,0,0,0,0,20250823,20251026
27,0,0,0,0,0,0,0,20250810,20251026
28,0,0,0,0,0,0,0,20250809,20251026
29,0,0,0,0,0,0,0,20250809,20250809
30,0,0,0,0,0,0,0,20250809,20250817
31,0,0,0,0,0,0,0,20250824,20251207
32,0,0,0,0,0,0,0,20250823,20251207
33,0,0,0,0,0,0,0,20250816,20250816
34,0,0,0,0,0,0,0,20250818,20251031
35,0,0,0,0,0,0,0,20250809,20251031
36,0,0,0,0,0,0,0,20250804,20251031
37,0,0,0,0,0,0,0,20250810,20251207
38,0,0,0,0,0,0,0,20250811,20251212
39,0,0,0,0,0,0,0,20250809,20251206
40,0,0,0,0,0,0,0,20250809,20250817
41,0,0,0,0,0,0,0,20250818,20250905
42,0,0,0,0,0,0,0,20250823,20250831
43,0,0,0,0,0,0,0,20250823,20250830
44,0,0,0,0,0,0,0,20250824,20250831
45,0,0,0,0,0,0,0,20250818,20251212
46,0,0,0,0,0,0,0,20250811,20251212
47,0,0,0,0,0,0,0,20250804,20251212
48,0,0,0,0,0,0,0,20250810,20251207
49,0,0,0,0,0,0,0,20250809,20251207
50,0,0,0,0,0,0,0,20250809,20251207
51,0,0,0,0,0,0,0,20250818,20251024
52,0,0,0,0,0,0,0,20250822,20250822
53,0,0,0,0,0,0,0,20250810,20251206
54,0,0,0,0,0,0,0,20250804,20251206
55,0,0,0,0,0,0,0,20250804,20250912
56,0,0,0,0,0,0,0,20250804,20250913
57,0,0,0,0,0,0,0,20250804,20250911
58,0,0,0,0,0,0,0,20250804,20250913
59,0,0,0,0,0,0,0,20250809,20250913
60,0,0,0,0,0,0,0,20250804,20250913
61,0,0,0,0,0,0,0,20250804,20250914
62,0,0,0,0,0,0,0,20250810,20250913
63,0,0,0,0,0,0,0,20250822,20250913
64,0,0,0,0,0,0,0,20250823,20250913
65,0,0,0,0,0,0,0,20250808,20250913
66,0,0,0,0,0,0,0,20250808,20250913
67,0,0,0,0,0,0,0,20250808,20250913
68,0,0,0,0,0,0,0,20250808,20250913
69,0,0,0,0,0,0,0,20250809,20250914
70,0,0,0,0,0,0,0,20250818,20250914
71,0,0,0,0,0,0,0,20250804,20250914
72,0,0,0,0,0,0,0,20250804,20250914
73,0,0,0,0,0,0,0,20250804,20250914
74,0,0,0,0,0,0,0,20250809,20250913
75,0,0,0,0,0,0,0,20250804,20250914
76,0,0,0,0,0,0,0,20250804,20250911
77,0,0,0,0,0,0,0,20250818,20250913
78,0,0,0,0,0,0,0,20250809,20250914
79,0,0,0,0,0,0,0,20250824,20250914
80,0,0,0,0,0,0,0,20250804,20250913
81,0,0,0,0,0,0,0,20250804,20250914
82,0,0,0,0,0,0,0,20250804,20250914
83,0,0,0,0,0,0,0,20250804,20250911
84,0,0,0,0,0,0,0,20250808,20250817
85,0,0,0,0,0,0,0,20250808,20250816
86,0,0,0,0,0,0,0,20250810,20250912
87,0,0,0,0,0,0,0,20250822,20250914
88,0,0,0,0,0,0,0,20250823,20250914
89,0,0,0,0,0,0,0,20250818,20250911
90,0,0,0,0,0,0,0,20250818,20250912
91,0,0,0,0,0,0,0,20250804,20250912
92,0,0,0,0,0,0,0,20250808,20250914
93,0,0,0,0,0,0,0,20250804,20250817
94,0,0,0,0,0,0,0,20250808,20250914
95,0,0,0,0,0,0,0,20250804,20250817
96,0,0,0,0,0,0,0,20250804,20250914
97,0,0,0,0,0,0,0,20250804,20250914
98,0,0,0,0,0,0,0,20250809,20250912
99,0,0,0,0,0,0,0,20250804,20250817
100,0,0,0,0,0,0,0,20250804,20250914
101,0,0,0,0,0,0,0,20250808,20250914
102,0,0,0,0,0,0,0,20250809,20250914
103,0,0,0,0,0,0,0,20250804,20250814
104,0,0,0,0,0,0,0,20250804,20250914
105,0,0,0,0,0,0,0,20250822,20250912
106,0,0,0,0,0,0,0,20250818,20250914
107,0,0,0,0,0,0,0,20250808,20251101
108,0,0,0,0,0,0,0,20250809,20251101
109,0,0,0,0,0,0,0,20250809,20251026
110,0,0,0,0,0,0,0,20250804,20250815
111,0,0,0,0,0,0,0,20250808,20251101
112,0,0,0,0,0,0,0,20250811,20250814
113,0,0,0,0,0,0,0,20250823,20251019
114,0,0,0,0,0,0,0,20250804,20251101
115,0,0,0,0,0,0,0,20250804,20251031
116,0,0,0,0,0,0,0,20251101,20251101
117,0,0,0,0,0,0,0,20251027,20251031
118,0,0,0,0,0,0,0,20250804,20251030
119,0,0,0,0,0,0,0,20250804,20251031
120,0,0,0,0,0,0,0,20250809,20251026
121,0,0,0,0,0,0,0,20250804,20251030
122,0,0,0,0,0,0,0,20250810,20251026
123,0,0,0,0,0,0,0,20250818,20251101
124,0,0,0,0,0,0,0,20251025,20251025
125,0,0,0,0,0,0,0,20250823,20251101
126,0,0,0,0,0,0,0,20250811,20251019
127,0,0,0,0,0,0,0,20250804,20251031
128,0,0,0,0,0,0,0,20250808,20250815
129,0,0,0,0,0,0,0,20250804,20251031
130,0,0,0,0,0,0,0,20250804,20251101
131,0,0,0,0,0,0,0,20250804,20251031
132,0,0,0,0,0,0,0,20250804,20251101
133,0,0,0,0,0,0,0,20250809,20251026
134,0,0,0,0,0,0,0,20250809,20251031
135,0,0,0,0,0,0,0,20250809,20251026
136,0,0,0,0,0,0,0,20250809,20251101
137,0,0,0,0,0,0,0,20250823,20251101
138,0,0,0,0,0,0,0,20250809,20251101
139,0,0,0,0,0,0,0,20250804,20251030
140,0,0,0,0,0,0,0,20250810,20251030
141,0,0,0,0,0,0,0,20250808,20251101
142,0,0,0,0,0,0,0,20250808,20251101
143,0,0,0,0,0,0,0,20251027,20251101
144,0,0,0,0,0,0,0,20250804,20250807
145,0,0,0,0,0,0,0,20250818,20251023
146,0,0,0,0,0,0,0,20250822,20251024
147,0,0,0,0,0,0,0,20250822,20251024
148,0,0,0,0,0,0,0,20250823,20251018
149,0,0,0,0,0,0,0,20250824,20251019
150,0,0,0,0,0,0,0,20250818,20251023
151,0,0,0,0,0,0,0,20250810,20251026
152,0,0,0,0,0,0,0,20250804,20251030
153,0,0,0,0,0,0,0,20250809,20251025
154,0,0,0,0,0,0,0,20250804,20251024
155,0,0,0,0,0,0,0,20250810,20251026
156,0,0,0,0,0,0,0,20250808,20251031
157,0,0,0,0,0,0,0,20250808,20251031
158,0,0,0,0,0,0,0,20250809,20251101
159,0,0,0,0,0,0,0,20250804,20251212
160,0,0,0,0,0,0,0,20250804,20251212
161,0,0,0,0,0,0,0,20250809,20251212
162,0,0,0,0,0,0,0,20250818,20251212
163,0,0,0,0,0,0,0,20250808,20251212
164,0,0,0,0,0,0,0,20250809,20251207
165,0,0,0,0,0,0,0,20250804,20251207
166,0,0,0,0,0,0,0,20250804,20251206
167,0,0,0,0,0,0,0,20250809,20251212
168,0,0,0,0,0,0,0,20250822,20251212
169,0,0,0,0,0,0,0,20250804,20251211
170,0,0,0,0,0,0,0,20250804,20251211
171,0,0,0,0,0,0,0,20250818,20251211
172,0,0,0,0,0,0,0,20250823,20251101
173,0,0,0,0,0,0,0,20250822,20251101
174,0,0,0,0,0,0,0,20250804,20251031
175,0,0,0,0,0,0,0,20250822,20251031
176,0,0,0,0,0,0,0,20250823,20251101
177,0,0,0,0,0,0,0,20250818,20251030
178,0,0,0,0,0,0,0,20250818,20251030
179,0,0,0,0,0,0,0,20250804,20251030
180,0,0,0,0,0,0,0,20250808,20251101
181,0,0,0,0,0,0,0,20250823,20251101
182,0,0,0,0,0,0,0,20250818,20251101
183,0,0,0,0,0,0,0,20250818,20251101
184,0,0,0,0,0,0,0,20250822,20251101
185,0,0,0,0,0,0,0,20250809,20251101
186,0,0,0,0,0,0,0,20250811,20251031
187,0,0,0,0,0,0,0,20250811,20251030
188,0,0,0,0,0,0,0,20250811,20251030
189,0,0,0,0,0,0,0,20250817,20251030
190,0,0,0,0,0,0,0,20250815,20250815
191,0,0,0,0,0,0,0,20250816,20251101
192,0,0,0,0,0,0,0,20250817,20250817
193,0,0,0,0,0,0,0,20250804,20250810
194,0,0,0,0,0,0,0,20250808,20250809
195,0,0,0,0,0,0,0,20250809,20250810
196,0,0,0,0,0,0,0,20250810,20250810
197,0,0,0,0,0,0,0,20250808,20250808
198,0,0,0,0,0,0,0,20250817,20251101
199,0,0,0,0,0,0,0,20250816,20251101
200,0,0,0,0,0,0,0,20250817,20251026
201,0,0,0,0,0,0,0,20250816,20251101
202,0,0,0,0,0,0,0,20250811,20251101
203,0,0,0,0,0,0,0,20250815,20251031
204,0,0,0,0,0,0,0,20250804,20250809
205,0,0,0,0,0,0,0,20250815,20251101
206,0,0,0,0,0,0,0,20250811,20251030
207,0,0,0,0,0,0,0,20250811,20251026
208,0,0,0,0,0,0,0,20250815,20251101
209,0,0,0,0,0,0,0,20250804,20250810
210,0,0,0,0,0,0,0,20250811,20251026
211,0,0,0,0,0,0,0,20250808,20250810
212,0,0,0,0,0,0,0,20250809,20251212
213,0,0,0,0,0,0,0,20250804,20251207
214,0,0,0,0,0,0,0,20250823,20251207
215,0,0,0,0,0,0,0,20250818,20251212
216,0,0,0,0,0,0,0,20250810,20251212
217,0,0,0,0,0,0,0,20250804,20251207
218,0,0,0,0,0,0,0,20250809,20251212
219,0,0,0,0,0,0,0,20250823,20251206
220,0,0,0,0,0,0,0,20250804,20251212
221,0,0,0,0,0,0,0,20250824,20251207
222,0,0,0,0,0,0,0,20250808,20251206
223,0,0,0,0,0,0,0,20250808,20251212
224,0,0,0,0,0,0,0,20250804,20251212
225,0,0,0,0,0,0,0,20250810,20251207
226,0,0,0,0,0,0,0,20250808,20251212
227,0,0,0,0,0,0,0,20250822,20251212
228,0,0,0,0,0,0,0,20250809,20251212
229,0,0,0,0,0,0,0,20250818,20251211
230,0,0,0,0,0,0,0,20250808,20251212
231,0,0,0,0,0,0,0,20250822,20251212
232,0,0,0,0,0,0,0,20250818,20251211
233,0,0,0,0,0,0,0,20250822,20251212
234,0,0,0,0,0,0,0,20250804,20251212
235,0,0,0,0,0,0,0,20250804,20251212
236,0,0,0,0,0,0,0,20250809,20251207
237,0,0,0,0,0,0,0,20250809,20251206
238,0,0,0,0,0,0,0,20250804,20251206
239,0,0,0,0,0,0,0,20250818,20251212
240,0,0,0,0,0,0,0,20250916,20251111
241,0,0,0,0,0,0,0,20250816,20251012
242,0,0,0,0,0,0,0,20250930,20251003
243,0,0,0,0,0,0,0,20250818,20251211
244,0,0,0,0,0,0,0,20250901,20251212
245,0,0,0,0,0,0,0,20250818,20251212
246,0,0,0,0,0,0,0,20250809,20251207
247,0,0,0,0,0,0,0,20250823,20251207
248,0,0,0,0,0,0,0,20250822,20251212
249,0,0,0,0,0,0,0,20250824,20251207
250,0,0,0,0,0,0,0,20250811,20251212
251,0,0,0,0,0,0,0,20250819,20251212
252,0,0,0,0,0,0,0,20250818,20251212
253,0,0,0,0,0,0,0,20250907,20251207
254,0,0,0,0,0,0,0,20250809,20251212
255,0,0,0,0,0,0,0,20250901,20251208
256,0,0,0,0,0,0,0,20250810,20251207
257,0,0,0,0,0,0,0,20250818,20251212
258,0,0,0,0,0,0,0,20250809,20251207
259,0,0,0,0,0,0,0,20250816,20251212
260,0,0,0,0,0,0,0,20250816,20250817
261,0,0,0,0,0,0,0,20250816,20251211
262,0,0,0,0,0,0,0,20250819,20251212
263,0,0,0,0,0,0,0,20250809,20251207
264,0,0,0,0,0,0,0,20250809,20251212
265,0,0,0,0,0,0,0,20250819,20251113
266,0,0,0,0,0,0,0,20250829,20251212
267,0,0,0,0,0,0,0,20250809,20251206
268,0,0,0,0,0,0,0,20250815,20251207
269,0,0,0,0,0,0,0,20250810,20251211
270,0,0,0,0,0,0,0,20250912,20251212
271,0,0,0,0,0,0,0,20250809,20251212
272,0,0,0,0,0,0,0,20250809,20251012
273,0,0,0,0,0,0,0,20250816,20251207
274,0,0,0,0,0,0,0,20250809,20251207
275,0,0,0,0,0,0,0,20250823,20251206
276,0,0,0,0,0,0,0,20250818,20251212
277,0,0,0,0,0,0,0,20250812,20250815
278,0,0,0,0,0,0,0,20250809,20251207
279,0,0,0,0,0,0,0,20250809,20251207
280,0,0,0,0,0,0,0,20250811,20251212
281,0,0,0,0,0,0,0,20250913,20251115
282,0,0,0,0,0,0,0,20250818,20250818
283,0,0,0,0,0,0,0,20250809,20251207
284,0,0,0,0,0,0,0,20250816,20250823
285,0,0,0,0,0,0,0,20250809,20251108
286,0,0,0,0,0,0,0,20250822,20251212
287,0,0,0,0,0,0,0,20250809,20251207
288,0,0,0,0,0,0,0,20250809,20251206
289,0,0,0,0,0,0,0,20250819,20251212
290,0,0,0,0,0,0,0,20250811,20251103
291,0,0,0,0,0,0,0,20250816,20250823
292,0,0,0,0,0,0,0,20250901,20251211
293,0,0,0,0,0,0,0,20250906,20251212
294,0,0,0,0,0,0,0,20250824,20251211
295,0,0,0,0,0,0,0,20250809,20251212
296,0,0,0,0,0,0,0,20250819,20251116
297,0,0,0,0,0,0,0,20250809,20251212
298,0,0,0,0,0,0,0,20250811,20251211
299,0,0,0,0,0,0,0,20250811,20251208
300,0,0,0,0,0,0,0,20250823,20250823
301,0,0,0,0,0,0,0,20250820,20251206
302,0,0,0,0,0,0,0,20250811,20251027
303,0,0,0,0,0,0,0,20250811,20250815
304,0,0,0,0,0,0,0,20250812,20250814
305,0,0,0,0,0,0,0,20250811,20251208
306,0,0,0,0,0,0,0,20250811,20251107
307,0,0,0,0,0,0,0,20250909,20250909
308,0,0,0,0,0,0,0,20250824,20250828
309,0,0,0,0,0,0,0,20250829,20250829
310,0,0,0,0,0,0,0,20250826,20250828
311,0,0,0,0,0,0,0,20250817,20250823
312,0,0,0,0,0,0,0,20250901,20250901
313,0,0,0,0,0,0,0,20251031,20251031
314,0,0,0,0,0,0,0,20251106,20251106
315,0,0,0,0,0,0,0,20250806,20250808
316,0,0,0,0,0,0,0,20250831,20250904
317,0,0,0,0,0,0,0,20250819,20250821
318,0,0,0,0,0,0,0,20250808,20250906
319,0,0,0,0,0,0,0,20251103,20251106
320,0,0,0,0,0,0,0,20250804,20250807
321,0,0,0,0,0,0,0,20251104,20251105
322,0,0,0,0,0,0,0,20251103,20251103
323,0,0,0,0,0,0,0,20250815,20251206
324,0,0,0,0,0,0,0,20251102,20251102
325,0,0,0,0,0,0,0,20250928,20251002
326,0,0,0,0,0,0,0,20250929,20250929
327,0,0,0,0,0,0,0,20250925,20250925
328,0,0,0,0,0,0,0,20251005,20251005
329,0,0,0,0,0,0,0,20251101,20251102
330,0,0,0,0,0,0,0,20250926,20250926
331,0,0,0,0,0,0,0,20251025,20251026
332,0,0,0,0,0,0,0,20251024,20251024
333,0,0,0,0,0,0,0,20251026,20251026
334,0,0,0,0,0,0,0,20250831,20250901
335,0,0,0,0,0,0,0,20250829,20251024
336,0,0,0,0,0,0,0,20250922,20250924
337,0,0,0,0,0,0,0,20251003,20251003
338,0,0,0,0,0,0,0,20250921,20250921
339,0,0,0,0,0,0,0,20250906,20250906
340,0,0,0,0,0,0,0,20250830,20250831
341,0,0,0,0,0,0,0,20251027,20251027
342,0,0,0,0,0,0,0,20250825,20250828
343,0,0,0,0,0,0,0,20250928,20250928
344,0,0,0,0,0,0,0,20250929,20251031
345,0,0,0,0,0,0,0,20250902,20250904
346,0,0,0,0,0,0,0,20250905,20250905
347,0,0,0,0,0,0,0,20251004,20251004
348,0,0,0,0,0,0,0,20250831,20250904
349,0,0,0,0,0,0,0,20250824,20250824
350,0,0,0,0,0,0,0,20250829,20251024
351,0,0,0,0,0,0,0,20251003,20251031
352,0,0,0,0,0,0,0,20250805,20250805
353,0,0,0,0,0,0,0,20250804,20250805
354,0,0,0,0,0,0,0,20250912,20251114
355,0,0,0,0,0,0,0,20251117,20251117
356,0,0,0,0,0,0,0,20251116,20251116
357,0,0,0,0,0,0,0,20251118,20251120
358,0,0,0,0,0,0,0,20251020,20251020
359,0,0,0,0,0,0,0,20250823,20251207
360,0,0,0,0,0,0,0,20250904,20251115
361,0,0,0,0,0,0,0,20251019,20251019
362,0,0,0,0,0,0,0,20250929,20251002
363,0,0,0,0,0,0,0,20251117,20251120
364,0,0,0,0,0,0,0,20251019,20251023
365,0,0,0,0,0,0,0,20251020,20251023
366,0,0,0,0,0,0,0,20250913,20251108
367,0,0,0,0,0,0,0,20251021,20251023
368,0,0,0,0,0,0,0,20251107,20251107
369,0,0,0,0,0,0,0,20251115,20251206
370,0,0,0,0,0,0,0,20250927,20251206
371,0,0,0,0,0,0,0,20251121,20251121
372,0,0,0,0,0,0,0,20251020,20251024
373,0,0,0,0,0,0,0,20250830,20250927
374,0,0,0,0,0,0,0,20251102,20251105
375,0,0,0,0,0,0,0,20250811,20251208
376,0,0,0,0,0,0,0,20250812,20251212
377,0,0,0,0,0,0,0,20250812,20251212
378,0,0,0,0,0,0,0,20250818,20251117
379,0,0,0,0,0,0,0,20250811,20251212
380,0,0,0,0,0,0,0,20250809,20251212
381,0,0,0,0,0,0,0,20250830,20251206
382,0,0,0,0,0,0,0,20250809,20251212
383,0,0,0,0,0,0,0,20250809,20251212
384,0,0,0,0,0,0,0,20250809,20251212
385,0,0,0,0,0,0,0,20250830,20251206
386,0,0,0,0,0,0,0,20250809,20251207
387,0,0,0,0,0,0,0,20250809,20250907
388,0,0,0,0,0,0,0,20250811,20251212
389,0,0,0,0,0,0,0,20250809,20251130
390,0,0,0,0,0,0,0,20250811,20251212
391,0,0,0,0,0,0,0,20250819,20251212
392,0,0,0,0,0,0,0,20250809,20251212
393,0,0,0,0,0,0,0,20250812,20251212
394,0,0,0,0,0,0,0,20250811,20251208
395,0,0,0,0,0,0,0,20250811,20251212
396,0,0,0,0,0,0,0,20250830,20251207
397,0,0,0,0,0,0,0,20250909,20251111
398,0,0,0,0,0,0,0,20250809,20251212
399,0,0,0,0,0,0,0,20250809,20251212
400,0,0,0,0,0,0,0,20250809,20251212
401,0,0,0,0,0,0,0,20250809,20251207
402,0,0,0,0,0,0,0,20250818,20251117
403,0,0,0,0,0,0,0,20250810,20251206
404,0,0,0,0,0,0,0,20250816,20251212
405,0,0,0,0,0,0,0,20251011,20251011
406,0,0,0,0,0,0,0,20250816,20250822
407,0,0,0,0,0,0,0,20250816,20250825
408,0,0,0,0,0,0,0,20250809,20251207
409,0,0,0,0,0,0,0,20250811,20250811
410,0,0,0,0,0,0,0,20250816,20250831
411,0,0,0,0,0,0,0,20250928,20251207
412,0,0,0,0,0,0,0,20250816,20250823
413,0,0,0,0,0,0,0,20250909,20251114
414,0,0,0,0,0,0,0,20250816,20250823
415,0,0,0,0,0,0,0,20250825,20250829
416,0,0,0,0,0,0,0,20250819,20250819
417,0,0,0,0,0,0,0,20250901,20250905
418,0,0,0,0,0,0,0,20250804,20250804
419,0,0,0,0,0,0,0,20250929,20251003
420,0,0,0,0,0,0,0,20250805,20250808
421,0,0,0,0,0,0,0,20250810,20250816
422,0,0,0,0,0,0,0,20251012,20251012
423,0,0,0,0,0,0,0,20250806,20250807
424,0,0,0,0,0,0,0,20250901,20251212
425,0,0,0,0,0,0,0,20250825,20250825
426,0,0,0,0,0,0,0,20250822,20250828
427,0,0,0,0,0,0,0,20250819,20250822
428,0,0,0,0,0,0,0,20250902,20250905
429,0,0,0,0,0,0,0,20251004,20251102
430,0,0,0,0,0,0,0,20250831,20250831
431,0,0,0,0,0,0,0,20250916,20251111
432,0,0,0,0,0,0,0,20250907,20250911
433,0,0,0,0,0,0,0,20250930,20251002
434,0,0,0,0,0,0,0,20251019,20251023
435,0,0,0,0,0,0,0,20251117,20251121
436,0,0,0,0,0,0,0,20250912,20251114
437,0,0,0,0,0,0,0,20251103,20251208
438,0,0,0,0,0,0,0,20250908,20251208
439,0,0,0,0,0,0,0,20250823,20251211
440,0,0,0,0,0,0,0,20250809,20251207
441,0,0,0,0,0,0,0,20250809,20251207
442,0,0,0,0,0,0,0,20250809,20251212
443,0,0,0,0,0,0,0,20250809,20251212
444,0,0,0,0,0,0,0,20250829,20251212
445,0,0,0,0,0,0,0,20250809,20251207
446,0,0,0,0,0,0,0,20250809,20251207
447,0,0,0,0,0,0,0,20250812,20250928
448,0,0,0,0,0,0,0,20250901,20250903
449,0,0,0,0,0,0,0,20250815,20251207
450,0,0,0,0,0,0,0,20250809,20251212
451,0,0,0,0,0,0,0,20250907,20251211
452,0,0,0,0,0,0,0,20250907,20251211
453,0,0,0,0,0,0,0,20250809,20251212
454,0,0,0,0,0,0,0,20250928,20251102
455,0,0,0,0,0,0,0,20250831,20251207
456,0,0,0,0,0,0,0,20250830,20251206
457,0,0,0,0,0,0,0,20250819,20251211
458,0,0,0,0,0,0,0,20251003,20251004
459,0,0,0,0,0,0,0,20250810,20250824
460,0,0,0,0,0,0,0,20250809,20251212
461,0,0,0,0,0,0,0,20251031,20251101
462,0,0,0,0,0,0,0,20250809,20251206
463,0,0,0,0,0,0,0,20250823,20251206
464,0,0,0,0,0,0,0,20250824,20251207
465,0,0,0,0,0,0,0,20250824,20251207
466,0,0,0,0,0,0,0,20250902,20250903
467,0,0,0,0,0,0,0,20250822,20250904
468,0,0,0,0,0,0,0,20250811,20251212
469,0,0,0,0,0,0,0,20250818,20251212
470,0,0,0,0,0,0,0,20250830,20251206
471,0,0,0,0,0,0,0,20250829,20251212
472,0,0,0,0,0,0,0,20250811,20251212
473,0,0,0,0,0,0,0,20250811,20251207
474,0,0,0,0,0,0,0,20250811,20251212
475,0,0,0,0,0,0,0,20250811,20251212
476,0,0,0,0,0,0,0,20250824,20251207
477,0,0,0,0,0,0,0,20250811,20251212
478,0,0,0,0,0,0,0,20250818,20251212
479,0,0,0,0,0,0,0,20250811,20251212
480,0,0,0,0,0,0,0,20250810,20251212
481,0,0,0,0,0,0,0,20250811,20251212
482,0,0,0,0,0,0,0,20250812,20251211
483,0,0,0,0,0,0,0,20250811,20251212
484,0,0,0,0,0,0,0,20250817,20251206
485,0,0,0,0,0,0,0,20250811,20251212
486,0,0,0,0,0,0,0,20250818,20251212
487,0,0,0,0,0,0,0,20250818,20251212
488,0,0,0,0,0,0,0,20250815,20251114
489,0,0,0,0,0,0,0,20250819,20251211
490,0,0,0,0,0,0,0,20250823,20251207
491,0,0,0,0,0,0,0,20250815,20251212
492,0,0,0,0,0,0,0,20250812,20251211
493,0,0,0,0,0,0,0,20250811,20251212
494,0,0,0,0,0,0,0,20250809,20250928
495,0,0,0,0,0,0,0,20250809,20251211
496,0,0,0,0,0,0,0,20250811,20251212
497,0,0,0,0,0,0,0,20250818,20251211
498,0,0,0,0,0,0,0,20250818,20251212
499,0,0,0,0,0,0,0,20250811,20251212
500,0,0,0,0,0,0,0,20250824,20251207
501,0,0,0,0,0,0,0,20250810,20251207
502,0,0,0,0,0,0,0,20250822,20250928
503,0,0,0,0,0,0,0,20250904,20250904
504,0,0,0,0,0,0,0,20250810,20250824
505,0,0,0,0,0,0,0,20251104,20251106
506,0,0,0,0,0,0,0,20250815,20251212
507,0,0,0,0,0,0,0,20250819,20251212
508,0,0,0,0,0,0,0,20250811,20251212
509,0,0,0,0,0,0,0,20250818,20251208
510,0,0,0,0,0,0,0,20250818,20250828
511,0,0,0,0,0,0,0,20250820,20250825
512,0,0,0,0,0,0,0,20250820,20250828
513,0,0,0,0,0,0,0,20250816,20250928
514,0,0,0,0,0,0,0,20250817,20250822
515,0,0,0,0,0,0,0,20251010,20251212
516,0,0,0,0,0,0,0,20250818,20250825
517,0,0,0,0,0,0,0,20251010,20251010
518,0,0,0,0,0,0,0,20250811,20251211
519,0,0,0,0,0,0,0,20250819,20250828
520,0,0,0,0,0,0,0,20250819,20250821
521,0,0,0,0,0,0,0,20250902,20250902
522,0,0,0,0,0,0,0,20250831,20250928
523,0,0,0,0,0,0,0,20250818,20250821
524,0,0,0,0,0,0,0,20251003,20251101
525,0,0,0,0,0,0,0,20250820,20250820
526,0,0,0,0,0,0,0,20250901,20251212
527,0,0,0,0,0,0,0,20250809,20251207
528,0,0,0,0,0,0,0,20250809,20251212
529,0,0,0,0,0,0,0,20250811,20251212
530,0,0,0,0,0,0,0,20250809,20251212
531,0,0,0,0,0,0,0,20250810,20251207
532,0,0,0,0,0,0,0,20250830,20251206
533,0,0,0,0,0,0,0,20250815,20251206
534,0,0,0,0,0,0,0,20250815,20251025
535,0,0,0,0,0,0,0,20250809,20251207
536,0,0,0,0,0,0,0,20250812,20251211
537,0,0,0,0,0,0,0,20250902,20251117
538,0,0,0,0,0,0,0,20250809,20251207
539,0,0,0,0,0,0,0,20250809,20251212
540,0,0,0,0,0,0,0,20250811,20251208
541,0,0,0,0,0,0,0,20250913,20251206
542,0,0,0,0,0,0,0,20250809,20251212
543,0,0,0,0,0,0,0,20250809,20251212
544,0,0,0,0,0,0,0,20250811,20251113
545,0,0,0,0,0,0,0,20250810,20251207
546,0,0,0,0,0,0,0,20250811,20251212
547,0,0,0,0,0,0,0,20250811,20251212
548,0,0,0,0,0,0,0,20250922,20250922
549,0,0,0,0,0,0,0,20250818,20251208
550,0,0,0,0,0,0,0,20250811,20251212
551,0,0,0,0,0,0,0,20250818,20251212
552,0,0,0,0,0,0,0,20250811,20251207
553,0,0,0,0,0,0,0,20250824,20251207
554,0,0,0,0,0,0,0,20250824,20251206
555,0,0,0,0,0,0,0,20250820,20251211
556,0,0,0,0,0,0,0,20250811,20251208
557,0,0,0,0,0,0,0,20250823,20251206
558,0,0,0,0,0,0,0,20250824,20251207
559,0,0,0,0,0,0,0,20250811,20251207
560,0,0,0,0,0,0,0,20250825,20251208
561,0,0,0,0,0,0,0,20250811,20250822
562,0,0,0,0,0,0,0,20250815,20251212
563,0,0,0,0,0,0,0,20250811,20251212
564,0,0,0,0,0,0,0,20250818,20251212
565,0,0,0,0,0,0,0,20250810,20251207
566,0,0,0,0,0,0,0,20250928,20251026
567,0,0,0,0,0,0,0,20250810,20251211
568,0,0,0,0,0,0,0,20250912,20251206
569,0,0,0,0,0,0,0,20251027,20251208
570,0,0,0,0,0,0,0,20250809,20251115
571,0,0,0,0,0,0,0,20250824,20251207
572,0,0,0,0,0,0,0,20250812,20251212
573,0,0,0,0,0,0,0,20250811,20251212
574,0,0,0,0,0,0,0,20250811,20250822
575,0,0,0,0,0,0,0,20250811,20251212
576,0,0,0,0,0,0,0,20250818,20251208
577,0,0,0,0,0,0,0,20250824,20251207
578,0,0,0,0,0,0,0,20250809,20251212
579,0,0,0,0,0,0,0,20250811,20251027
580,0,0,0,0,0,0,0,20250901,20251111
581,0,0,0,0,0,0,0,20250916,20251111
582,0,0,0,0,0,0,0,20250823,20251207
583,0,0,0,0,0,0,0,20250809,20251025
584,0,0,0,0,0,0,0,20251010,20251011
585,0,0,0,0,0,0,0,20250829,20251212
586,0,0,0,0,0,0,0,20251103,20251107
587,0,0,0,0,0,0,0,20250812,20251212
588,0,0,0,0,0,0,0,20250819,20250829
589,0,0,0,0,0,0,0,20250821,20250828
590,0,0,0,0,0,0,0,20250817,20250826
591,0,0,0,0,0,0,0,20250821,20251212
592,0,0,0,0,0,0,0,20250805,20250807
593,0,0,0,0,0,0,0,20250809,20250815
594,0,0,0,0,0,0,0,20250909,20250910
595,0,0,0,0,0,0,0,20251007,20251211
596,0,0,0,0,0,0,0,20250901,20250905
597,0,0,0,0,0,0,0,20250912,20250912
598,0,0,0,0,0,0,0,20251003,20251101
599,0,0,0,0,0,0,0,20251003,20251101
600,0,0,0,0,0,0,0,20250908,20250908
601,0,0,0,0,0,0,0,20250901,20250904
602,0,0,0,0,0,0,0,20250829,20251025
603,0,0,0,0,0,0,0,20251102,20251106
604,0,0,0,0,0,0,0,20250912,20251114
605,0,0,0,0,0,0,0,20250908,20250909
606,0,0,0,0,0,0,0,20250912,20250926
607,0,0,0,0,0,0,0,20250820,20250828
608,0,0,0,0,0,0,0,20250910,20251212
609,0,0,0,0,0,0,0,20250910,20251211
610,0,0,0,0,0,0,0,20250907,20251116
611,0,0,0,0,0,0,0,20251025,20251115
612,0,0,0,0,0,0,0,20250909,20251212
613,0,0,0,0,0,0,0,20251017,20251212
614,0,0,0,0,0,0,0,20251102,20251106
615,0,0,0,0,0,0,0,20250804,20250808
616,0,0,0,0,0,0,0,20250804,20250808
617,0,0,0,0,0,0,0,20250805,20250808
618,0,0,0,0,0,0,0,20250804,20250807
619,0,0,0,0,0,0,0,20250806,20250808
620,0,0,0,0,0,0,0,20250805,20250807
621,0,0,0,0,0,0,0,20250806,20250806
622,0,0,0,0,0,0,0,20250804,20250807
623,0,0,0,0,0,0,0,20250807,20250807
624,0,0,0,0,0,0,0,20250805,20250806
625,0,0,0,0,0,0,0,20250824,20251207
626,0,0,0,0,0,0,0,20250818,20251212
627,0,0,0,0,0,0,0,20250811,20250919
628,0,0,0,0,0,0,0,20250811,20251212
629,0,0,0,0,0,0,0,20250811,20251212
630,0,0,0,0,0,0,0,20250811,20251212
631,0,0,0,0,0,0,0,20250921,20251002
632,0,0,0,0,0,0,0,20250811,20251212
633,0,0,0,0,0,0,0,20250811,20251212
634,0,0,0,0,0,0,0,20250811,20251212
635,0,0,0,0,0,0,0,20250811,20251212
636,0,0,0,0,0,0,0,20250921,20251016
637,0,0,0,0,0,0,0,20250811,20251207
638,0,0,0,0,0,0,0,20250811,20251212
639,0,0,0,0,0,0,0,20250817,20250831
640,0,0,0,0,0,0,0,20251006,20251212
641,0,0,0,0,0,0,0,20250816,20251212
642,0,0,0,0,0,0,0,20250811,20251212
643,0,0,0,0,0,0,0,20251005,20251016
644,0,0,0,0,0,0,0,20251010,20251016
645,0,0,0,0,0,0,0,20250823,20251207
646,0,0,0,0,0,0,0,20250922,20251212
647,0,0,0,0,0,0,0,20250818,20251212
648,0,0,0,0,0,0,0,20250927,20250927
649,0,0,0,0,0,0,0,20250922,20250925
650,0,0,0,0,0,0,0,20250815,20251212
651,0,0,0,0,0,0,0,20250811,20251211
652,0,0,0,0,0,0,0,20250811,20251212
653,0,0,0,0,0,0,0,20250921,20251011
654,0,0,0,0,0,0,0,20250811,20251211
655,0,0,0,0,0,0,0,20251031,20251102
656,0,0,0,0,0,0,0,20250811,20251212
657,0,0,0,0,0,0,0,20250824,20251212
658,0,0,0,0,0,0,0,20250815,20250816
659,0,0,0,0,0,0,0,20250822,20251212
660,0,0,0,0,0,0,0,20250822,20251212
661,0,0,0,0,0,0,0,20250815,20250905
662,0,0,0,0,0,0,0,20250811,20250816
663,0,0,0,0,0,0,0,20250811,20250817
664,0,0,0,0,0,0,0,20250811,20250817
665,0,0,0,0,0,0,0,20250823,20251206
666,0,0,0,0,0,0,0,20250812,20250816
667,0,0,0,0,0,0,0,20250822,20251212
668,0,0,0,0,0,0,0,20250818,20251211
669,0,0,0,0,0,0,0,20250818,20251211
670,0,0,0,0,0,0,0,20250922,20251024
671,0,0,0,0,0,0,0,20250822,20251212
672,0,0,0,0,0,0,0,20250818,20251211
673,0,0,0,0,0,0,0,20250922,20251024
674,0,0,0,0,0,0,0,20250824,20251207
675,0,0,0,0,0,0,0,20250823,20251207
676,0,0,0,0,0,0,0,20250926,20250927
677,0,0,0,0,0,0,0,20250816,20251206
678,0,0,0,0,0,0,0,20250820,20250829
679,0,0,0,0,0,0,0,20250901,20251212
680,0,0,0,0,0,0,0,20250823,20251206
681,0,0,0,0,0,0,0,20250823,20251206
682,0,0,0,0,0,0,0,20250819,20251211
683,0,0,0,0,0,0,0,20250818,20251212
684,0,0,0,0,0,0,0,20250824,20251207
685,0,0,0,0,0,0,0,20250818,20251212
686,0,0,0,0,0,0,0,20250930,20251003
687,0,0,0,0,0,0,0,20250913,20250913
688,0,0,0,0,0,0,0,20251013,20251211
689,0,0,0,0,0,0,0,20250901,20251212
690,0,0,0,0,0,0,0,20251103,20251117
691,0,0,0,0,0,0,0,20250822,20251212
692,0,0,0,0,0,0,0,20250830,20251206
693,0,0,0,0,0,0,0,20251004,20251101
694,0,0,0,0,0,0,0,20250818,20251003
695,0,0,0,0,0,0,0,20250825,20250905
696,0,0,0,0,0,0,0,20251006,20251016
697,0,0,0,0,0,0,0,20250920,20250920
698,0,0,0,0,0,0,0,20250818,20251212
699,0,0,0,0,0,0,0,20250818,20251212
700,0,0,0,0,0,0,0,20251005,20251009
701,0,0,0,0,0,0,0,20250928,20250929
702,0,0,0,0,0,0,0,20250930,20251002
703,0,0,0,0,0,0,0,20250819,20251212
704,0,0,0,0,0,0,0,20251017,20251017
705,0,0,0,0,0,0,0,20251001,20251001
706,0,0,0,0,0,0,0,20250822,20251212
707,0,0,0,0,0,0,0,20251013,20251211
708,0,0,0,0,0,0,0,20250914,20250914
709,0,0,0,0,0,0,0,20250922,20251003
710,0,0,0,0,0,0,0,20250817,20251207
711,0,0,0,0,0,0,0,20250812,20251211
712,0,0,0,0,0,0,0,20250818,20251003
713,0,0,0,0,0,0,0,20250817,20251207
714,0,0,0,0,0,0,0,20250816,20250824
715,0,0,0,0,0,0,0,20250811,20251212
716,0,0,0,0,0,0,0,20250817,20251207
717,0,0,0,0,0,0,0,20251005,20251026
718,0,0,0,0,0,0,0,20250816,20251212
719,0,0,0,0,0,0,0,20250929,20251103
720,0,0,0,0,0,0,0,20251007,20251016
721,0,0,0,0,0,0,0,20250816,20251206
722,0,0,0,0,0,0,0,20250922,20251003
723,0,0,0,0,0,0,0,20251007,20251211
724,0,0,0,0,0,0,0,20251006,20251208
725,0,0,0,0,0,0,0,20251005,20251207
726,0,0,0,0,0,0,0,20251004,20251206
727,0,0,0,0,0,0,0,20251004,20251211
728,0,0,0,0,0,0,0,20251019,20251207
729,0,0,0,0,0,0,0,20251018,20251206
730,0,0,0,0,0,0,0,20250811,20251212
731,0,0,0,0,0,0,0,20250822,20251212
732,0,0,0,0,0,0,0,20251006,20251211
733,0,0,0,0,0,0,0,20251014,20251014
734,0,0,0,0,0,0,0,20251004,20251211
735,0,0,0,0,0,0,0,20251004,20251211
736,0,0,0,0,0,0,0,20250815,20251212
737,0,0,0,0,0,0,0,20250811,20251211
738,0,0,0,0,0,0,0,20251004,20251208
739,0,0,0,0,0,0,0,20251004,20251206
740,0,0,0,0,0,0,0,20250824,20251207
741,0,0,0,0,0,0,0,20250811,20250919
742,0,0,0,0,0,0,0,20250810,20250909
743,0,0,0,0,0,0,0,20250825,20251208
744,0,0,0,0,0,0,0,20250818,20251212
745,0,0,0,0,0,0,0,20250811,20251208
746,0,0,0,0,0,0,0,20251005,20251207
747,0,0,0,0,0,0,0,20251004,20251207
748,0,0,0,0,0,0,0,20251006,20251211
749,0,0,0,0,0,0,0,20250811,20251212
750,0,0,0,0,0,0,0,20251020,20251211
751,0,0,0,0,0,0,0,20250815,20251212
752,0,0,0,0,0,0,0,20250823,20251212
753,0,0,0,0,0,0,0,20250824,20251207
754,0,0,0,0,0,0,0,20250819,20250910
755,0,0,0,0,0,0,0,20250809,20251102
756,0,0,0,0,0,0,0,20250808,20251102
757,0,0,0,0,0,0,0,20250809,20251102
758,0,0,0,0,0,0,0,20250808,20251101
759,0,0,0,0,0,0,0,20250817,20251111
760,0,0,0,0,0,0,0,20250823,20251206
761,0,0,0,0,0,0,0,20250817,20250826
762,0,0,0,0,0,0,0,20251006,20251013
763,0,0,0,0,0,0,0,20251006,20251017
764,0,0,0,0,0,0,0,20250818,20251212
765,0,0,0,0,0,0,0,20250818,20251212
766,0,0,0,0,0,0,0,20250824,20250921
767,0,0,0,0,0,0,0,20250823,20250927
768,0,0,0,0,0,0,0,20250824,20250928
769,0,0,0,0,0,0,0,20250824,20250928
770,0,0,0,0,0,0,0,20251028,20251030
771,0,0,0,0,0,0,0,20251028,20251029
772,0,0,0,0,0,0,0,20250819,20250918
773,0,0,0,0,0,0,0,20250818,20251212
774,0,0,0,0,0,0,0,20250823,20250920
775,0,0,0,0,0,0,0,20250822,20251212
776,0,0,0,0,0,0,0,20250829,20251212
777,0,0,0,0,0,0,0,20250818,20251212
778,0,0,0,0,0,0,0,20251027,20251030
779,0,0,0,0,0,0,0,20251115,20251115
780,0,0,0,0,0,0,0,20250823,20250927
781,0,0,0,0,0,0,0,20250818,20250914
782,0,0,0,0,0,0,0,20250820,20250918
783,0,0,0,0,0,0,0,20250928,20251002
784,0,0,0,0,0,0,0,20251010,20251212
785,0,0,0,0,0,0,0,20250818,20251211
786,0,0,0,0,0,0,0,20250818,20251212
787,0,0,0,0,0,0,0,20250823,20250928
788,0,0,0,0,0,0,0,20250818,20251212
789,0,0,0,0,0,0,0,20250818,20251212
790,0,0,0,0,0,0,0,20250818,20251212
791,0,0,0,0,0,0,0,20251006,20251016
792,0,0,0,0,0,0,0,20250818,20251212
793,0,0,0,0,0,0,0,20250809,20251207
794,0,0,0,0,0,0,0,20250804,20251117
795,0,0,0,0,0,0,0,20250805,20251212
796,0,0,0,0,0,0,0,20250809,20251130
797,0,0,0,0,0,0,0,20250804,20251212
798,0,0,0,0,0,0,0,20250822,20251212
799,0,0,0,0,0,0,0,20250819,20251211
800,0,0,0,0,0,0,0,20250818,20251212
801,0,0,0,0,0,0,0,20250804,20251208
802,0,0,0,0,0,0,0,20250823,20251207
803,0,0,0,0,0,0,0,20250804,20251212
804,0,0,0,0,0,0,0,20250804,20251212
805,0,0,0,0,0,0,0,20250804,20250814
806,0,0,0,0,0,0,0,20250804,20251211
807,0,0,0,0,0,0,0,20250808,20251212
808,0,0,0,0,0,0,0,20250823,20251206
809,0,0,0,0,0,0,0,20250804,20251208
810,0,0,0,0,0,0,0,20250811,20251208
811,0,0,0,0,0,0,0,20250804,20251212
812,0,0,0,0,0,0,0,20250804,20251212
813,0,0,0,0,0,0,0,20250804,20251208
814,0,0,0,0,0,0,0,20250824,20251207
815,0,0,0,0,0,0,0,20250823,20251207
816,0,0,0,0,0,0,0,20250823,20251207
817,0,0,0,0,0,0,0,20250823,20251207
818,0,0,0,0,0,0,0,20250824,20251207
819,0,0,0,0,0,0,0,20251026,20251102
820,0,0,0,0,0,0,0,20250812,20250815
821,0,0,0,0,0,0,0,20250808,20250902
822,0,0,0,0,0,0,0,20250817,20250819
823,0,0,0,0,0,0,0,20251107,20251108
824,0,0,0,0,0,0,0,20251109,20251109
825,0,0,0,0,0,0,0,20251108,20251109
826,0,0,0,0,0,0,0,20250826,20250829
827,0,0,0,0,0,0,0,20251004,20251207
828,0,0,0,0,0,0,0,20250902,20250928
829,0,0,0,0,0,0,0,20250818,20251212
830,0,0,0,0,0,0,0,20251108,20251108
831,0,0,0,0,0,0,0,20250808,20251212
832,0,0,0,0,0,0,0,20250809,20251206
833,0,0,0,0,0,0,0,20250809,20251130
834,0,0,0,0,0,0,0,20250804,20251212
835,0,0,0,0,0,0,0,20250818,20251212
836,0,0,0,0,0,0,0,20250906,20250928
837,0,0,0,0,0,0,0,20250805,20251212
838,0,0,0,0,0,0,0,20250804,20250905
839,0,0,0,0,0,0,0,20250804,20251212
840,0,0,0,0,0,0,0,20250804,20251208
841,0,0,0,0,0,0,0,20250804,20251212
842,0,0,0,0,0,0,0,20250804,20251207
843,0,0,0,0,0,0,0,20250823,20251207
844,0,0,0,0,0,0,0,20250811,20251207
845,0,0,0,0,0,0,0,20250804,20251207
846,0,0,0,0,0,0,0,20250824,20251207
847,0,0,0,0,0,0,0,20250822,20250928
848,0,0,0,0,0,0,0,20250810,20250817
849,0,0,0,0,0,0,0,20250810,20251211
850,0,0,0,0,0,0,0,20250804,20251102
851,0,0,0,0,0,0,0,20251123,20251123
852,0,0,0,0,0,0,0,20250818,20250829
853,0,0,0,0,0,0,0,20250901,20251212
854,0,0,0,0,0,0,0,20250811,20251207
855,0,0,0,0,0,0,0,20250804,20251212
856,0,0,0,0,0,0,0,20251103,20251212
857,0,0,0,0,0,0,0,20251101,20251207
858,0,0,0,0,0,0,0,20251101,20251212
859,0,0,0,0,0,0,0,20251108,20251206
860,0,0,0,0,0,0,0,20250809,20251031
861,0,0,0,0,0,0,0,20250823,20250831
862,0,0,0,0,0,0,0,20250818,20251031
863,0,0,0,0,0,0,0,20250823,20251207
864,0,0,0,0,0,0,0,20250809,20251207
865,0,0,0,0,0,0,0,20250906,20251212
866,0,0,0,0,0,0,0,20250804,20250905
867,0,0,0,0,0,0,0,20250809,20250905
868,0,0,0,0,0,0,0,20250809,20250831
869,0,0,0,0,0,0,0,20250809,20250831
870,0,0,0,0,0,0,0,20250804,20250831
871,0,0,0,0,0,0,0,20250804,20250905
872,0,0,0,0,0,0,0,20250804,20250817
873,0,0,0,0,0,0,0,20250804,20251212
874,0,0,0,0,0,0,0,20250822,20251212
875,0,0,0,0,0,0,0,20250804,20251212
876,0,0,0,0,0,0,0,20250822,20251212
877,0,0,0,0,0,0,0,20250809,20250830
878,0,0,0,0,0,0,0,20250806,20250821
879,0,0,0,0,0,0,0,20250806,20250821
880,0,0,0,0,0,0,0,20250806,20250815
881,0,0,0,0,0,0,0,20250806,20250821
882,0,0,0,0,0,0,0,20250806,20250815
883,0,0,0,0,0,0,0,20250806,20250821
884,0,0,0,0,0,0,0,20250809,20250821
885,0,0,0,0,0,0,0,20250804,20250831
886,0,0,0,0,0,0,0,20250804,20250831
887,0,0,0,0,0,0,0,20250809,20250905
888,0,0,0,0,0,0,0,20250804,20251212
889,0,0,0,0,0,0,0,20250809,20251207
890,0,0,0,0,0,0,0,20251027,20251212
891,0,0,0,0,0,0,0,20250818,20251031
892,0,0,0,0,0,0,0,20250809,20251212
893,0,0,0,0,0,0,0,20250809,20251211
894,0,0,0,0,0,0,0,20250818,20251211
895,0,0,0,0,0,0,0,20250809,20251212
896,0,0,0,0,0,0,0,20250809,20250824
897,0,0,0,0,0,0,0,20250809,20250823
898,0,0,0,0,0,0,0,20250901,20250919
899,0,0,0,0,0,0,0,20250804,20250920
900,0,0,0,0,0,0,0,20250804,20250829
901,0,0,0,0,0,0,0,20250804,20250919
902,0,0,0,0,0,0,0,20250830,20250920
903,0,0,0,0,0,0,0,20250830,20250920
904,0,0,0,0,0,0,0,20250831,20250914
905,0,0,0,0,0,0,0,20250831,20250919
906,0,0,0,0,0,0,0,20250904,20250919
907,0,0,0,0,0,0,0,20250823,20251212
908,0,0,0,0,0,0,0,20250808,20251212
909,0,0,0,0,0,0,0,20250808,20251031
910,0,0,0,0,0,0,0,20250804,20251030
911,0,0,0,0,0,0,0,20250824,20251211
912,0,0,0,0,0,0,0,20251107,20251212
913,0,0,0,0,0,0,0,20250804,20251212
914,0,0,0,0,0,0,0,20250808,20250815
915,0,0,0,0,0,0,0,20250804,20251211
916,0,0,0,0,0,0,0,20251101,20251212
917,0,0,0,0,0,0,0,20250818,20250930
918,0,0,0,0,0,0,0,20250822,20250926
919,0,0,0,0,0,0,0,20251001,20251212
920,0,0,0,0,0,0,0,20251001,20251212
921,0,0,0,0,0,0,0,20251004,20251207
922,0,0,0,0,0,0,0,20251003,20251212
923,0,0,0,0,0,0,0,20250804,20250930
924,0,0,0,0,0,0,0,20250823,20251212
925,0,0,0,0,0,0,0,20250818,20250930
926,0,0,0,0,0,0,0,20250809,20250928
927,0,0,0,0,0,0,0,20250804,20250817
928,0,0,0,0,0,0,0,20250804,20250930
929,0,0,0,0,0,0,0,20250808,20250927
930,0,0,0,0,0,0,0,20250818,20251212
931,0,0,0,0,0,0,0,20251003,20251212
932,0,0,0,0,0,0,0,20251004,20251206
933,0,0,0,0,0,0,0,20250823,20251207
934,0,0,0,0,0,0,0,20250823,20251212
935,0,0,0,0,0,0,0,20250824,20251207
936,0,0,0,0,0,0,0,20250804,20250816
937,0,0,0,0,0,0,0,20250818,20251212
938,0,0,0,0,0,0,0,20250824,20251212
939,0,0,0,0,0,0,0,20250818,20251212
940,0,0,0,0,0,0,0,20250823,20251212
941,0,0,0,0,0,0,0,20250818,20250930
942,0,0,0,0,0,0,0,20250818,20250930
943,0,0,0,0,0,0,0,20250822,20250927
944,0,0,0,0,0,0,0,20250808,20250927
945,0,0,0,0,0,0,0,20250808,20250926
946,0,0,0,0,0,0,0,20250809,20250817
947,0,0,0,0,0,0,0,20251004,20251206
948,0,0,0,0,0,0,0,20251005,20251207
949,0,0,0,0,0,0,0,20250808,20250926
950,0,0,0,0,0,0,0,20250804,20251212
951,0,0,0,0,0,0,0,20250809,20250816
952,0,0,0,0,0,0,0,20250818,20250919
953,0,0,0,0,0,0,0,20250804,20250919
954,0,0,0,0,0,0,0,20250922,20251212
955,0,0,0,0,0,0,0,20250818,20251212
956,0,0,0,0,0,0,0,20250818,20251212
957,0,0,0,0,0,0,0,20250822,20250919
958,0,0,0,0,0,0,0,20250818,20251212
959,0,0,0,0,0,0,0,20250809,20250930
960,0,0,0,0,0,0,0,20251001,20251212
961,0,0,0,0,0,0,0,20250823,20250921
962,0,0,0,0,0,0,0,20250927,20251207
963,0,0,0,0,0,0,0,20250823,20251207
964,0,0,0,0,0,0,0,20250809,20251207
965,0,0,0,0,0,0,0,20250809,20251207
966,0,0,0,0,0,0,0,20250804,20251212
967,0,0,0,0,0,0,0,20250804,20251212
968,0,0,0,0,0,0,0,20250808,20251212
969,0,0,0,0,0,0,0,20250804,20251206
970,0,0,0,0,0,0,0,20250804,20251212
971,0,0,0,0,0,0,0,20250804,20251212
972,0,0,0,0,0,0,0,20250804,20251212
973,0,0,0,0,0,0,0,20250804,20251207
974,0,0,0,0,0,0,0,20250804,20251211
975,0,0,0,0,0,0,0,20250804,20251211
976,0,0,0,0,0,0,0,20250804,20251211
977,0,0,0,0,0,0,0,20250804,20250930
978,0,0,0,0,0,0,0,20251001,20251211
979,0,0,0,0,0,0,0,20250804,20250817
980,0,0,0,0,0,0,0,20250808,20250815
981,0,0,0,0,0,0,0,20250810,20250817
982,0,0,0,0,0,0,0,20250808,20250817
983,0,0,0,0,0,0,0,20250804,20250815
984,0,0,0,0,0,0,0,20250808,20250814
985,0,0,0,0,0,0,0,20250804,20250817
986,0,0,0,0,0,0,0,20251027,20251212
987,0,0,0,0,0,0,0,20251027,20251211
988,0,0,0,0,0,0,0,20251031,20251212
989,0,0,0,0,0,0,0,20250818,20251026
990,0,0,0,0,0,0,0,20250818,20251025
991,0,0,0,0,0,0,0,20250818,20251026
992,0,0,0,0,0,0,0,20250822,20251025
993,0,0,0,0,0,0,0,20250810,20251024
994,0,0,0,0,0,0,0,20250809,20251024
995,0,0,0,0,0,0,0,20250818,20251026
996,0,0,0,0,0,0,0,20250804,20251026
997,0,0,0,0,0,0,0,20250809,20251026
998,0,0,0,0,0,0,0,20250809,20251025
999,0,0,0,0,0,0,0,20250809,20251026
1000,0,0,0,0,0,0,0,20250804,20251026
1001,0,0,0,0,0,0,0,20250804,20251024
1002,0,0,0,0,0,0,0,20250808,20250817
1003,0,0,0,0,0,0,0,20250818,20251026
1004,0,0,0,0,0,0,0,20251031,20251212
1005,0,0,0,0,0,0,0,20251102,20251207
1006,0,0,0,0,0,0,0,20250808,20251101
1007,0,0,0,0,0,0,0,20250823,20251025
1008,0,0,0,0,0,0,0,20250829,20251024
1009,0,0,0,0,0,0,0,20250822,20251025
1010,0,0,0,0,0,0,0,20250809,20251207
1011,0,0,0,0,0,0,0,20250809,20251206
1012,0,0,0,0,0,0,0,20250819,20251212
1013,0,0,0,0,0,0,0,20250824,20251207
1014,0,0,0,0,0,0,0,20250818,20251211
1015,0,0,0,0,0,0,0,20250804,20250814
1016,0,0,0,0,0,0,0,20250818,20251212
1017,0,0,0,0,0,0,0,20250823,20251212
1018,0,0,0,0,0,0,0,20250823,20251102
1019,0,0,0,0,0,0,0,20251108,20251207
1020,0,0,0,0,0,0,0,20250804,20251212
1021,0,0,0,0,0,0,0,20250804,20251207
1022,0,0,0,0,0,0,0,20251103,20251212
1023,0,0,0,0,0,0,0,20250818,20251102
1024,0,0,0,0,0,0,0,20250822,20251031
1025,0,0,0,0,0,0,0,20250818,20251212
1026,0,0,0,0,0,0,0,20250824,20251102
1027,0,0,0,0,0,0,0,20251107,20251212
1028,0,0,0,0,0,0,0,20251103,20251211
1029,0,0,0,0,0,0,0,20250808,20251212
1030,0,0,0,0,0,0,0,20250809,20251207
1031,0,0,0,0,0,0,0,20251109,20251207
1032,0,0,0,0,0,0,0,20250809,20251212
1033,0,0,0,0,0,0,0,20250823,20251207
1034,0,0,0,0,0,0,0,20251104,20251211
1035,0,0,0,0,0,0,0,20251103,20251210
1036,0,0,0,0,0,0,0,20250823,20251207
1037,0,0,0,0,0,0,0,20250824,20251207
1038,0,0,0,0,0,0,0,20250818,20251212
1039,0,0,0,0,0,0,0,20250824,20251212
1040,0,0,0,0,0,0,0,20250818,20251212
1041,0,0,0,0,0,0,0,20250830,20251207
1042,0,0,0,0,0,0,0,20250824,20251207
1043,0,0,0,0,0,0,0,20250818,20250930
1044,0,0,0,0,0,0,0,20250818,20250930
1045,0,0,0,0,0,0,0,20250818,20250930
1046,0,0,0,0,0,0,0,20250824,20250928
1047,0,0,0,0,0,0,0,20250818,20250930
1048,0,0,0,0,0,0,0,20250818,20250930
1049,0,0,0,0,0,0,0,20250830,20251212
1050,0,0,0,0,0,0,0,20250824,20251212
1051,0,0,0,0,0,0,0,20250818,20250930
1052,0,0,0,0,0,0,0,20250822,20250919
1053,0,0,0,0,0,0,0,20250809,20250930
1054,0,0,0,0,0,0,0,20250804,20251212
1055,0,0,0,0,0,0,0,20250804,20251212
1056,0,0,0,0,0,0,0,20250804,20251207
1057,0,0,0,0,0,0,0,20251001,20251212
1058,0,0,0,0,0,0,0,20250809,20251207
1059,0,0,0,0,0,0,0,20250809,20251212
1060,0,0,0,0,0,0,0,20250809,20251207
1061,0,0,0,0,0,0,0,20250818,20251212
1062,0,0,0,0,0,0,0,20251025,20251101
1063,0,0,0,0,0,0,0,20250818,20251212
1064,0,0,0,0,0,0,0,20250823,20251207
1065,0,0,0,0,0,0,0,20250804,20251207
1066,0,0,0,0,0,0,0,20250804,20251207
1067,0,0,0,0,0,0,0,20250816,20251207
1068,0,0,0,0,0,0,0,20250816,20251207
1069,0,0,0,0,0,0,0,20250804,20251212
1070,0,0,0,0,0,0,0,20250816,20251212
1071,0,0,0,0,0,0,0,20250809,20250816
1072,0,0,0,0,0,0,0,20250809,20250817
1073,0,0,0,0,0,0,0,20250823,20251206
1074,0,0,0,0,0,0,0,20250824,20251207
1075,0,0,0,0,0,0,0,20250815,20251207
1076,0,0,0,0,0,0,0,20250808,20251212
1077,0,0,0,0,0,0,0,20250804,20251207
1078,0,0,0,0,0,0,0,20250818,20251212
1079,0,0,0,0,0,0,0,20250823,20251206
1080,0,0,0,0,0,0,0,20251101,20251206
1081,0,0,0,0,0,0,0,20250823,20251109
1082,0,0,0,0,0,0,0,20250818,20251212
1083,0,0,0,0,0,0,0,20250804,20250815
1084,0,0,0,0,0,0,0,20251102,20251109
1085,0,0,0,0,0,0,0,20250824,20251101
1086,0,0,0,0,0,0,0,20250824,20251109
1087,0,0,0,0,0,0,0,20251102,20251206
1088,0,0,0,0,0,0,0,20251031,20251212
1089,0,0,0,0,0,0,0,20250808,20251024
1090,0,0,0,0,0,0,0,20250809,20251206
1091,0,0,0,0,0,0,0,20250824,20251206
1092,0,0,0,0,0,0,0,20250810,20251109
1093,0,0,0,0,0,0,0,20251027,20251212
1094,0,0,0,0,0,0,0,20250818,20251107
1095,0,0,0,0,0,0,0,20250804,20251107
1096,0,0,0,0,0,0,0,20250823,20251206
1097,0,0,0,0,0,0,0,20250822,20251212
1098,0,0,0,0,0,0,0,20250804,20250811
1099,0,0,0,0,0,0,0,20250805,20250815
1100,0,0,0,0,0,0,0,20250822,20251212
1101,0,0,0,0,0,0,0,20250819,20251023
1102,0,0,0,0,0,0,0,20250818,20251020
1103,0,0,0,0,0,0,0,20251027,20251212
1104,0,0,0,0,0,0,0,20250818,20251101
1105,0,0,0,0,0,0,0,20251102,20251109
1106,0,0,0,0,0,0,0,20250818,20251211
1107,0,0,0,0,0,0,0,20250822,20251212
1108,0,0,0,0,0,0,0,20250818,20251211
1109,0,0,0,0,0,0,0,20250808,20251206
1110,0,0,0,0,0,0,0,20250822,20251212
1111,0,0,0,0,0,0,0,20250808,20250816
1112,0,0,0,0,0,0,0,20250824,20251109
1113,0,0,0,0,0,0,0,20250804,20251206
1114,0,0,0,0,0,0,0,20250804,20251212
1115,0,0,0,0,0,0,0,20250810,20251207
1116,0,0,0,0,0,0,0,20250808,20251212
1117,0,0,0,0,0,0,0,20250819,20251212
1118,0,0,0,0,0,0,0,20250818,20251208
1119,0,0,0,0,0,0,0,20250804,20251207
1120,0,0,0,0,0,0,0,20250926,20251212
1121,0,0,0,0,0,0,0,20250922,20251211
1122,0,0,0,0,0,0,0,20250804,20250918
1123,0,0,0,0,0,0,0,20250808,20250919
1124,0,0,0,0,0,0,0,20250818,20250918
1125,0,0,0,0,0,0,0,20250822,20251212
1126,0,0,0,0,0,0,0,20250818,20251212
1127,0,0,0,0,0,0,0,20250818,20251212
1128,0,0,0,0,0,0,0,20250823,20251206
1129,0,0,0,0,0,0,0,20250818,20251212
1130,0,0,0,0,0,0,0,20250824,20251207
1131,0,0,0,0,0,0,0,20251027,20251030
1132,0,0,0,0,0,0,0,20251026,20251101
1133,0,0,0,0,0,0,0,20250822,20251212
1134,0,0,0,0,0,0,0,20251025,20251101
1135,0,0,0,0,0,0,0,20250818,20251212
1136,0,0,0,0,0,0,0,20250818,20251212
1137,0,0,0,0,0,0,0,20250818,20251212
1138,0,0,0,0,0,0,0,20250823,20251207
1139,0,0,0,0,0,0,0,20250804,20251207
1140,0,0,0,0,0,0,0,20250818,20251210
1141,0,0,0,0,0,0,0,20250804,20250812
1142,0,0,0,0,0,0,0,20250806,20250815
1143,0,0,0,0,0,0,0,20250830,20251207
1144,0,0,0,0,0,0,0,20250818,20250822
1145,0,0,0,0,0,0,0,20250825,20251212
1146,0,0,0,0,0,0,0,20250817,20250821
1147,0,0,0,0,0,0,0,20250817,20250824
1148,0,0,0,0,0,0,0,20250818,20250828
1149,0,0,0,0,0,0,0,20250829,20250830
1150,0,0,0,0,0,0,0,20250819,20250829
1151,0,0,0,0,0,0,0,20250817,20250828
1152,0,0,0,0,0,0,0,20250804,20250816
1153,0,0,0,0,0,0,0,20250821,20251211
1154,0,0,0,0,0,0,0,20250820,20251212
1155,0,0,0,0,0,0,0,20250819,20251209
1156,0,0,0,0,0,0,0,20250916,20251030
1157,0,0,0,0,0,0,0,20250819,20250911
1158,0,0,0,0,0,0,0,20250821,20250911
1159,0,0,0,0,0,0,0,20250804,20250811
1160,0,0,0,0,0,0,0,20250805,20250814
1161,0,0,0,0,0,0,0,20250805,20250815
1162,0,0,0,0,0,0,0,20250818,20250912
1163,0,0,0,0,0,0,0,20250915,20251212
1164,0,0,0,0,0,0,0,20250819,20251211
1165,0,0,0,0,0,0,0,20250820,20251210
1166,0,0,0,0,0,0,0,20250820,20251211
1167,0,0,0,0,0,0,0,20250819,20251212
1168,0,0,0,0,0,0,0,20250818,20251211
1169,0,0,0,0,0,0,0,20250920,20251206
1170,0,0,0,0,0,0,0,20250824,20251102
1171,0,0,0,0,0,0,0,20250921,20251207
1172,0,0,0,0,0,0,0,20250819,20251212
1173,0,0,0,0,0,0,0,20250919,20251212
1174,0,0,0,0,0,0,0,20250818,20251209
1175,0,0,0,0,0,0,0,20250818,20251212
1176,0,0,0,0,0,0,0,20250918,20251211
1177,0,0,0,0,0,0,0,20250804,20250814
1178,0,0,0,0,0,0,0,20250805,20250815
1179,0,0,0,0,0,0,0,20250806,20250813
1180,0,0,0,0,0,0,0,20250915,20251208
1181,0,0,0,0,0,0,0,20250818,20250908
1182,0,0,0,0,0,0,0,20250805,20250812
1183,0,0,0,0,0,0,0,20250818,20250828
1184,0,0,0,0,0,0,0,20250921,20251102
1185,0,0,0,0,0,0,0,20250919,20251031
1186,0,0,0,0,0,0,0,20250819,20251030
1187,0,0,0,0,0,0,0,20250805,20250813
1188,0,0,0,0,0,0,0,20250805,20250815
1189,0,0,0,0,0,0,0,20250807,20250814
1190,0,0,0,0,0,0,0,20250804,20250813
1191,0,0,0,0,0,0,0,20250804,20250815
1192,0,0,0,0,0,0,0,20250820,20250910
1193,0,0,0,0,0,0,0,20250917,20251029
1194,0,0,0,0,0,0,0,20250819,20250909
1195,0,0,0,0,0,0,0,20251105,20251210
1196,0,0,0,0,0,0,0,20250804,20250815
1197,0,0,0,0,0,0,0,20250915,20251210
1198,0,0,0,0,0,0,0,20250818,20250910
1199,0,0,0,0,0,0,0,20250818,20251210
1200,0,0,0,0,0,0,0,20250818,20251211
1201,0,0,0,0,0,0,0,20250820,20251029
1202,0,0,0,0,0,0,0,20250824,20251207
1203,0,0,0,0,0,0,0,20250921,20251123
1204,0,0,0,0,0,0,0,20250915,20251127
1205,0,0,0,0,0,0,0,20250823,20251206
1206,0,0,0,0,0,0,0,20250818,20251210
1207,0,0,0,0,0,0,0,20250915,20251126
1208,0,0,0,0,0,0,0,20250919,20251121
1209,0,0,0,0,0,0,0,20250920,20251122
1210,0,0,0,0,0,0,0,20250818,20251212
1211,0,0,0,0,0,0,0,20250822,20251212
1212,0,0,0,0,0,0,0,20250818,20251212
1213,0,0,0,0,0,0,0,20251201,20251210
1214,0,0,0,0,0,0,0,20250819,20251212
1215,0,0,0,0,0,0,0,20250818,20251211
1216,0,0,0,0,0,0,0,20250819,20251210
1217,0,0,0,0,0,0,0,20250921,20251207
1218,0,0,0,0,0,0,0,20250824,20251206
1219,0,0,0,0,0,0,0,20250820,20251212
1220,0,0,0,0,0,0,0,20250821,20251212
1221,0,0,0,0,0,0,0,20250823,20251207
1222,0,0,0,0,0,0,0,20250918,20251030
1223,0,0,0,0,0,0,0,20250822,20251206
1224,0,0,0,0,0,0,0,20250821,20251030
1225,0,0,0,0,0,0,0,20250822,20251212
1226,0,0,0,0,0,0,0,20251130,20251207
1227,0,0,0,0,0,0,0,20250819,20251210
1228,0,0,0,0,0,0,0,20250824,20251101
1229,0,0,0,0,0,0,0,20250804,20250813
1230,0,0,0,0,0,0,0,20250805,20250814
1231,0,0,0,0,0,0,0,20250819,20250828
1232,0,0,0,0,0,0,0,20250804,20250815
1233,0,0,0,0,0,0,0,20250818,20251211
1234,0,0,0,0,0,0,0,20250917,20251210
1235,0,0,0,0,0,0,0,20250820,20250912
1236,0,0,0,0,0,0,0,20250818,20251211
1237,0,0,0,0,0,0,0,20250818,20251212
1238,0,0,0,0,0,0,0,20250818,20251211
1239,0,0,0,0,0,0,0,20250804,20251207
1240,0,0,0,0,0,0,0,20250806,20251210
1241,0,0,0,0,0,0,0,20250915,20251212
1242,0,0,0,0,0,0,0,20250818,20251212
1243,0,0,0,0,0,0,0,20250825,20251205
1244,0,0,0,0,0,0,0,20250818,20251212
1245,0,0,0,0,0,0,0,20250826,20251204
1246,0,0,0,0,0,0,0,20250804,20250817
